0.9949359, -0.07595567, 0.0658275, 0
0.0658275, 0.9873398, 0.1443152, 0
-0.07595567, -0.1392511, 0.9873398, 0
0, 0, 0, 1
